3 010200 0
3 010200 01
3 010200 02
3 010200 1
3 010200 12
3 010200 2
3 010201 01
3 010201 2
3 010202 01
3 010202 02
3 010202 1
3 010202 2
3 010210 0
3 010210 01
3 010210 02
3 010210 1
3 010210 12
3 010210 2
3 010211 0
3 010211 01
3 010211 02
3 010211 1
3 010211 12
3 010211 2
3 010212 0
3 010212 01
3 010212 02
3 010212 1
3 010212 12
3 010212 2
3 010220 0
3 010220 01
3 010220 02
3 010220 1
3 010220 12
3 010220 2
3 010221 0
3 010221 01
3 010221 12
3 010221 2
3 010222 0
3 010222 01
3 010222 02
3 010222 1
3 010222 12
3 010222 2
3 011200 0
3 011200 01
3 011200 02
3 011200 1
3 011200 12
3 011200 2
3 011201 0
3 011201 01
3 011201 12
3 011201 2
3 011202 0
3 011202 01
3 011202 02
3 011202 1
3 011202 12
3 011202 2
3 011210 0
3 011210 01
3 011210 02
3 011210 1
3 011210 12
3 011210 2
3 011211 01
3 011211 02
3 011211 1
3 011211 2
3 011212 01
3 011212 02
3 011212 1
3 011212 2
3 011220 0
3 011220 01
3 011220 02
3 011220 1
3 011220 12
3 011220 2
3 011221 01
3 011221 2
3 011222 01
3 011222 02
3 011222 1
3 011222 2
3 012000 0
3 012000 01
3 012000 02
3 012000 1
3 012000 12
3 012000 2
3 012001 0
3 012001 01
3 012001 12
3 012001 2
3 012002 0
3 012002 01
3 012002 02
3 012002 1
3 012002 12
3 012002 2
3 012010 01
3 012010 02
3 012010 1
3 012010 2
3 012011 0
3 012011 01
3 012011 02
3 012011 1
3 012011 12
3 012011 2
3 012012 0
3 012012 01
3 012012 02
3 012012 1
3 012012 12
3 012012 2
3 012020 01
3 012020 02
3 012020 1
3 012020 2
3 012021 0
3 012021 01
3 012021 12
3 012021 2
3 012022 0
3 012022 01
3 012022 02
3 012022 1
3 012022 12
3 012022 2
3 012100 0
3 012100 01
3 012100 02
3 012100 1
3 012100 12
3 012100 2
3 012101 0
3 012101 01
3 012101 12
3 012101 2
3 012102 0
3 012102 01
3 012102 02
3 012102 1
3 012102 12
3 012102 2
3 012110 0
3 012110 01
3 012110 02
3 012110 1
3 012110 12
3 012110 2
3 012111 01
3 012111 02
3 012111 1
3 012111 2
3 012112 01
3 012112 02
3 012112 1
3 012112 2
3 012120 0
3 012120 01
3 012120 02
3 012120 1
3 012120 12
3 012120 2
3 012121 01
3 012121 2
3 012122 01
3 012122 02
3 012122 1
3 012122 2
3 012200 0
3 012200 01
3 012200 02
3 012200 1
3 012200 12
3 012200 2
3 012201 0
3 012201 01
3 012201 12
3 012201 2
3 012202 0
3 012202 01
3 012202 02
3 012202 1
3 012202 12
3 012202 2
3 012210 0
3 012210 01
3 012210 02
3 012210 1
3 012210 12
3 012210 2
3 012211 01
3 012211 02
3 012211 1
3 012211 2
3 012212 01
3 012212 02
3 012212 1
3 012212 2
3 012220 0
3 012220 01
3 012220 02
3 012220 1
3 012220 12
3 012220 2
3 012221 01
3 012221 2
3 012222 01
3 012222 02
3 012222 1
3 012222 2
3 100200 0
3 100200 01
3 100200 02
3 100200 1
3 100200 12
3 100200 2
3 100201 01
3 100201 02
3 100201 1
3 100201 2
3 100202 01
3 100202 02
3 100202 1
3 100202 2
3 100210 0
3 100210 01
3 100210 12
3 100210 2
3 100211 0
3 100211 01
3 100211 02
3 100211 1
3 100211 12
3 100211 2
3 100212 0
3 100212 01
3 100212 12
3 100212 2
3 100220 0
3 100220 01
3 100220 02
3 100220 1
3 100220 12
3 100220 2
3 100221 0
3 100221 01
3 100221 02
3 100221 1
3 100221 12
3 100221 2
3 100222 0
3 100222 01
3 100222 02
3 100222 1
3 100222 12
3 100222 2
3 101200 0
3 101200 01
3 101200 02
3 101200 1
3 101200 12
3 101200 2
3 101201 0
3 101201 01
3 101201 02
3 101201 1
3 101201 12
3 101201 2
3 101202 0
3 101202 01
3 101202 02
3 101202 1
3 101202 12
3 101202 2
3 101210 0
3 101210 01
3 101210 12
3 101210 2
3 101211 01
3 101211 02
3 101211 1
3 101211 2
3 101212 01
3 101212 2
3 101220 0
3 101220 01
3 101220 02
3 101220 1
3 101220 12
3 101220 2
3 101221 01
3 101221 02
3 101221 1
3 101221 2
3 101222 01
3 101222 02
3 101222 1
3 101222 2
3 102000 0
3 102000 01
3 102000 02
3 102000 1
3 102000 12
3 102000 2
3 102001 0
3 102001 01
3 102001 02
3 102001 1
3 102001 12
3 102001 2
3 102002 0
3 102002 01
3 102002 02
3 102002 1
3 102002 12
3 102002 2
3 102010 01
3 102010 2
3 102011 0
3 102011 01
3 102011 02
3 102011 1
3 102011 12
3 102011 2
3 102012 0
3 102012 01
3 102012 12
3 102012 2
3 102020 01
3 102020 02
3 102020 1
3 102020 2
3 102021 0
3 102021 01
3 102021 02
3 102021 1
3 102021 12
3 102021 2
3 102022 0
3 102022 01
3 102022 02
3 102022 1
3 102022 12
3 102022 2
3 102100 0
3 102100 01
3 102100 02
3 102100 1
3 102100 12
3 102100 2
3 102101 0
3 102101 01
3 102101 02
3 102101 1
3 102101 12
3 102101 2
3 102102 0
3 102102 01
3 102102 02
3 102102 1
3 102102 12
3 102102 2
3 102110 0
3 102110 01
3 102110 12
3 102110 2
3 102111 01
3 102111 02
3 102111 1
3 102111 2
3 102112 01
3 102112 2
3 102120 0
3 102120 01
3 102120 02
3 102120 1
3 102120 12
3 102120 2
3 102121 01
3 102121 02
3 102121 1
3 102121 2
3 102122 01
3 102122 02
3 102122 1
3 102122 2
3 102200 0
3 102200 01
3 102200 02
3 102200 1
3 102200 12
3 102200 2
3 102201 0
3 102201 01
3 102201 02
3 102201 1
3 102201 12
3 102201 2
3 102202 0
3 102202 01
3 102202 02
3 102202 1
3 102202 12
3 102202 2
3 102210 0
3 102210 01
3 102210 12
3 102210 2
3 102211 01
3 102211 02
3 102211 1
3 102211 2
3 102212 01
3 102212 2
3 102220 0
3 102220 01
3 102220 02
3 102220 1
3 102220 12
3 102220 2
3 102221 01
3 102221 02
3 102221 1
3 102221 2
3 102222 01
3 102222 02
3 102222 1
3 102222 2
3 110200 0
3 110200 01
3 110200 02
3 110200 1
3 110200 12
3 110200 2
3 110201 01
3 110201 02
3 110201 1
3 110201 2
3 110202 01
3 110202 02
3 110202 1
3 110202 2
3 110210 0
3 110210 01
3 110210 02
3 110210 1
3 110210 12
3 110210 2
3 110211 0
3 110211 01
3 110211 12
3 110211 2
3 110212 0
3 110212 01
3 110212 02
3 110212 1
3 110212 12
3 110212 2
3 110220 0
3 110220 01
3 110220 02
3 110220 1
3 110220 12
3 110220 2
3 110221 0
3 110221 01
3 110221 02
3 110221 1
3 110221 12
3 110221 2
3 110222 0
3 110222 01
3 110222 02
3 110222 1
3 110222 12
3 110222 2
3 111200 0
3 111200 01
3 111200 02
3 111200 1
3 111200 12
3 111200 2
3 111201 0
3 111201 01
3 111201 02
3 111201 1
3 111201 12
3 111201 2
3 111202 0
3 111202 01
3 111202 02
3 111202 1
3 111202 12
3 111202 2
3 111210 0
3 111210 01
3 111210 02
3 111210 1
3 111210 12
3 111210 2
3 111211 01
3 111211 2
3 111212 01
3 111212 02
3 111212 1
3 111212 2
3 111220 0
3 111220 01
3 111220 02
3 111220 1
3 111220 12
3 111220 2
3 111221 01
3 111221 02
3 111221 1
3 111221 2
3 111222 01
3 111222 02
3 111222 1
3 111222 2
3 112000 0
3 112000 01
3 112000 02
3 112000 1
3 112000 12
3 112000 2
3 112001 0
3 112001 01
3 112001 02
3 112001 1
3 112001 12
3 112001 2
3 112002 0
3 112002 01
3 112002 02
3 112002 1
3 112002 12
3 112002 2
3 112010 01
3 112010 02
3 112010 1
3 112010 2
3 112011 0
3 112011 01
3 112011 12
3 112011 2
3 112012 0
3 112012 01
3 112012 02
3 112012 1
3 112012 12
3 112012 2
3 112020 01
3 112020 02
3 112020 1
3 112020 2
3 112021 0
3 112021 01
3 112021 02
3 112021 1
3 112021 12
3 112021 2
3 112022 0
3 112022 01
3 112022 02
3 112022 1
3 112022 12
3 112022 2
3 112100 0
3 112100 01
3 112100 02
3 112100 1
3 112100 12
3 112100 2
3 112101 0
3 112101 01
3 112101 02
3 112101 1
3 112101 12
3 112101 2
3 112102 0
3 112102 01
3 112102 02
3 112102 1
3 112102 12
3 112102 2
3 112110 0
3 112110 01
3 112110 02
3 112110 1
3 112110 12
3 112110 2
3 112111 01
3 112111 2
3 112112 01
3 112112 02
3 112112 1
3 112112 2
3 112120 0
3 112120 01
3 112120 02
3 112120 1
3 112120 12
3 112120 2
3 112121 01
3 112121 02
3 112121 1
3 112121 2
3 112122 01
3 112122 02
3 112122 1
3 112122 2
3 112200 0
3 112200 01
3 112200 02
3 112200 1
3 112200 12
3 112200 2
3 112201 0
3 112201 01
3 112201 02
3 112201 1
3 112201 12
3 112201 2
3 112202 0
3 112202 01
3 112202 02
3 112202 1
3 112202 12
3 112202 2
3 112210 0
3 112210 01
3 112210 02
3 112210 1
3 112210 12
3 112210 2
3 112211 01
3 112211 2
3 112212 01
3 112212 02
3 112212 1
3 112212 2
3 112220 0
3 112220 01
3 112220 02
3 112220 1
3 112220 12
3 112220 2
3 112221 01
3 112221 02
3 112221 1
3 112221 2
3 112222 01
3 112222 02
3 112222 1
3 112222 2
3 120000 01
3 120000 02
3 120000 1
3 120000 2
3 120001 0
3 120001 01
3 120001 02
3 120001 1
3 120001 12
3 120001 2
3 120002 0
3 120002 01
3 120002 02
3 120002 1
3 120002 12
3 120002 2
3 120010 0
3 120010 01
3 120010 12
3 120010 2
3 120011 0
3 120011 01
3 120011 02
3 120011 1
3 120011 12
3 120011 2
3 120012 0
3 120012 01
3 120012 12
3 120012 2
3 120020 0
3 120020 01
3 120020 02
3 120020 1
3 120020 12
3 120020 2
3 120021 0
3 120021 01
3 120021 02
3 120021 1
3 120021 12
3 120021 2
3 120022 0
3 120022 01
3 120022 02
3 120022 1
3 120022 12
3 120022 2
3 120100 0
3 120100 01
3 120100 02
3 120100 1
3 120100 12
3 120100 2
3 120101 01
3 120101 02
3 120101 1
3 120101 2
3 120102 01
3 120102 02
3 120102 1
3 120102 2
3 120110 0
3 120110 01
3 120110 12
3 120110 2
3 120111 0
3 120111 01
3 120111 02
3 120111 1
3 120111 12
3 120111 2
3 120112 0
3 120112 01
3 120112 12
3 120112 2
3 120120 0
3 120120 01
3 120120 02
3 120120 1
3 120120 12
3 120120 2
3 120121 0
3 120121 01
3 120121 02
3 120121 1
3 120121 12
3 120121 2
3 120122 0
3 120122 01
3 120122 02
3 120122 1
3 120122 12
3 120122 2
3 120200 0
3 120200 02
3 120200 1
3 120200 12
3 120201 02
3 120201 1
3 120202 02
3 120202 1
3 120210 0
3 120210 12
3 120211 0
3 120211 02
3 120211 1
3 120211 12
3 120212 0
3 120212 12
3 120220 0
3 120220 02
3 120220 1
3 120220 12
3 120221 0
3 120221 02
3 120221 1
3 120221 12
3 120222 0
3 120222 02
3 120222 1
3 120222 12
3 121000 0
3 121000 01
3 121000 02
3 121000 1
3 121000 12
3 121000 2
3 121001 0
3 121001 01
3 121001 02
3 121001 1
3 121001 12
3 121001 2
3 121002 0
3 121002 01
3 121002 02
3 121002 1
3 121002 12
3 121002 2
3 121010 01
3 121010 2
3 121011 0
3 121011 01
3 121011 02
3 121011 1
3 121011 12
3 121011 2
3 121012 0
3 121012 01
3 121012 12
3 121012 2
3 121020 01
3 121020 02
3 121020 1
3 121020 2
3 121021 0
3 121021 01
3 121021 02
3 121021 1
3 121021 12
3 121021 2
3 121022 0
3 121022 01
3 121022 02
3 121022 1
3 121022 12
3 121022 2
3 121100 0
3 121100 01
3 121100 02
3 121100 1
3 121100 12
3 121100 2
3 121101 0
3 121101 01
3 121101 02
3 121101 1
3 121101 12
3 121101 2
3 121102 0
3 121102 01
3 121102 02
3 121102 1
3 121102 12
3 121102 2
3 121110 0
3 121110 01
3 121110 12
3 121110 2
3 121111 01
3 121111 02
3 121111 1
3 121111 2
3 121112 01
3 121112 2
3 121120 0
3 121120 01
3 121120 02
3 121120 1
3 121120 12
3 121120 2
3 121121 01
3 121121 02
3 121121 1
3 121121 2
3 121122 01
3 121122 02
3 121122 1
3 121122 2
3 121200 0
3 121200 02
3 121200 1
3 121200 12
3 121201 0
3 121201 02
3 121201 1
3 121201 12
3 121202 0
3 121202 02
3 121202 1
3 121202 12
3 121210 0
3 121210 12
3 121211 02
3 121211 1
3 121220 0
3 121220 02
3 121220 1
3 121220 12
3 121221 02
3 121221 1
3 121222 02
3 121222 1
3 122000 0
3 122000 01
3 122000 02
3 122000 1
3 122000 12
3 122000 2
3 122001 0
3 122001 01
3 122001 02
3 122001 1
3 122001 12
3 122001 2
3 122002 0
3 122002 01
3 122002 02
3 122002 1
3 122002 12
3 122002 2
3 122010 01
3 122010 2
3 122011 0
3 122011 01
3 122011 02
3 122011 1
3 122011 12
3 122011 2
3 122012 0
3 122012 01
3 122012 12
3 122012 2
3 122020 01
3 122020 02
3 122020 1
3 122020 2
3 122021 0
3 122021 01
3 122021 02
3 122021 1
3 122021 12
3 122021 2
3 122022 0
3 122022 01
3 122022 02
3 122022 1
3 122022 12
3 122022 2
3 122100 0
3 122100 01
3 122100 02
3 122100 1
3 122100 12
3 122100 2
3 122101 0
3 122101 01
3 122101 02
3 122101 1
3 122101 12
3 122101 2
3 122102 0
3 122102 01
3 122102 02
3 122102 1
3 122102 12
3 122102 2
3 122110 0
3 122110 01
3 122110 12
3 122110 2
3 122111 01
3 122111 02
3 122111 1
3 122111 2
3 122112 01
3 122112 2
3 122120 0
3 122120 01
3 122120 02
3 122120 1
3 122120 12
3 122120 2
3 122121 01
3 122121 02
3 122121 1
3 122121 2
3 122122 01
3 122122 02
3 122122 1
3 122122 2
3 122200 0
3 122200 01
3 122200 02
3 122200 1
3 122200 12
3 122200 2
3 122201 0
3 122201 01
3 122201 02
3 122201 1
3 122201 12
3 122201 2
3 122202 0
3 122202 01
3 122202 02
3 122202 1
3 122202 12
3 122202 2
3 122210 0
3 122210 01
3 122210 12
3 122210 2
3 122211 01
3 122211 02
3 122211 1
3 122211 2
3 122212 01
3 122212 2
3 122220 0
3 122220 01
3 122220 02
3 122220 1
3 122220 12
3 122220 2
3 122221 01
3 122221 02
3 122221 1
3 122221 2
3 122222 01
3 122222 02
3 122222 1
3 122222 2
